Num   theta     phi         ul          ul_err     nsamples
  0   0.102    0.785   4.927200e-15  2.140265e-16   100000 
  1   0.102    2.356   4.848529e-15  2.080776e-16   100000 
  2   0.102    3.927   4.281934e-15  1.372271e-16   100000 
  3   0.102    5.498   3.970902e-15  1.710638e-16   100000 
  4   0.204    0.393   4.814328e-15  1.770734e-16   100000 
  5   0.204    1.178   5.419574e-15  2.037149e-16   100000 
  6   0.204    1.963   5.411993e-15  1.918582e-16   100000 
  7   0.204    2.749   5.167536e-15  2.290084e-16   100000 
  8   0.204    3.534   4.028984e-15  1.079891e-16   100000 
  9   0.204    4.320   4.218433e-15  1.589191e-16   100000 
 10   0.204    5.105   3.820568e-15  1.284138e-16   100000 
 11   0.204    5.890   4.289657e-15  1.627892e-16   100000 
 12   0.307    0.262   4.521673e-15  1.810242e-16   99900  
 13   0.307    0.785   5.385561e-15  1.763685e-16   100000 
 14   0.307    1.309   6.021168e-15  1.525473e-16   100000 
 15   0.307    1.833   6.040688e-15  1.691070e-16   100000 
 16   0.307    2.356   5.906922e-15  2.874115e-16   100000 
 17   0.307    2.880   4.772382e-15  1.964982e-16   99900  
 18   0.307    3.403   4.289974e-15  1.441475e-16   100000 
 19   0.307    3.927   3.930103e-15  1.383571e-16   100000 
 20   0.307    4.451   3.884722e-15  1.338963e-16   100000 
 21   0.307    4.974   3.561516e-15  1.286424e-16   100000 
 22   0.307    5.498   3.900495e-15  1.404866e-16   100000 
 23   0.307    6.021   4.068962e-15  1.145743e-16   100000 
 24   0.411    0.196   4.845472e-15  2.033004e-16   100000 
 25   0.411    0.589   5.670388e-15  2.097308e-16   100000 
 26   0.411    0.982   6.010451e-15  2.444355e-16   100000 
 27   0.411    1.374   7.017310e-15  3.078215e-16   100000 
 28   0.411    1.767   6.719620e-15  1.781859e-16   100000 
 29   0.411    2.160   6.546868e-15  2.506940e-16   100000 
 30   0.411    2.553   5.505630e-15  1.798500e-16   100000 
 31   0.411    2.945   4.831808e-15  1.264671e-16   100000 
 32   0.411    3.338   4.281991e-15  1.455057e-16   99900  
 33   0.411    3.731   4.040445e-15  1.671430e-16   100000 
 34   0.411    4.123   3.704486e-15  1.809783e-16   100000 
 35   0.411    4.516   3.709620e-15  1.656452e-16   100000 
 36   0.411    4.909   3.620353e-15  1.493894e-16   99900  
 37   0.411    5.301   3.755368e-15  1.554088e-16   100000 
 38   0.411    5.694   3.764592e-15  1.021976e-16   100000 
 39   0.411    6.087   4.285866e-15  2.105967e-16   100000 
 40   0.516    0.157   4.467029e-15  1.634707e-16   99900  
 41   0.516    0.471   5.602768e-15  2.195662e-16   100000 
 42   0.516    0.785   5.871151e-15  2.078345e-16   100000 
 43   0.516    1.100   6.634077e-15  2.006154e-16   99900  
 44   0.516    1.414   7.746637e-15  3.444625e-16   100000 
 45   0.516    1.728   6.973240e-15  2.508647e-16   100000 
 46   0.516    2.042   6.680880e-15  2.213383e-16   100000 
 47   0.516    2.356   5.893529e-15  1.799195e-16   100000 
 48   0.516    2.670   5.151637e-15  1.652613e-16   100000 
 49   0.516    2.985   4.771137e-15  1.694862e-16   100000 
 50   0.516    3.299   3.946916e-15  1.552959e-16   100000 
 51   0.516    3.613   3.658038e-15  1.292472e-16   100000 
 52   0.516    3.927   3.277170e-15  1.328160e-16   100000 
 53   0.516    4.241   3.335726e-15  1.204992e-16   100000 
 54   0.516    4.555   3.140094e-15  8.379940e-17   100000 
 55   0.516    4.869   3.048234e-15  1.216565e-16   100000 
 56   0.516    5.184   3.381379e-15  1.045326e-16   100000 
 57   0.516    5.498   3.377867e-15  1.411262e-16   100000 
 58   0.516    5.812   3.757501e-15  1.002204e-16   100000 
 59   0.516    6.126   4.007479e-15  1.620563e-16   100000 
 60   0.622    0.131   4.272747e-15  1.382567e-16   100000 
 61   0.622    0.393   5.377509e-15  1.885012e-16   100000 
 62   0.622    0.654   5.833133e-15  2.206963e-16   100000 
 63   0.622    0.916   6.459409e-15  2.190901e-16   99900  
 64   0.622    1.178   7.615937e-15  2.474915e-16   100000 
 65   0.622    1.440   8.121319e-15  3.332729e-16   100000 
 66   0.622    1.702   7.766137e-15  2.471620e-16   99900  
 67   0.622    1.963   7.402424e-15  2.235766e-16   100000 
 68   0.622    2.225   6.168153e-15  1.888454e-16   100000 
 69   0.622    2.487   5.707281e-15  2.131876e-16   100000 
 70   0.622    2.749   5.187999e-15  2.175950e-16   100000 
 71   0.622    3.011   4.446971e-15  1.150762e-16   100000 
 72   0.622    3.272   3.927724e-15  1.210612e-16   100000 
 73   0.622    3.534   3.645408e-15  1.350458e-16   100000 
 74   0.622    3.796   3.526005e-15  1.340209e-16   100000 
 75   0.622    4.058   3.401282e-15  1.084892e-16   99900  
 76   0.622    4.320   2.998029e-15  1.445966e-16   99900  
 77   0.622    4.581   3.071240e-15  1.366590e-16   100000 
 78   0.622    4.843   2.916454e-15  8.824717e-17   100000 
 79   0.622    5.105   2.998875e-15  1.177014e-16   100000 
 80   0.622    5.367   3.034041e-15  9.506492e-17   100000 
 81   0.622    5.629   3.223557e-15  8.632782e-17   100000 
 82   0.622    5.890   3.291670e-15  1.045818e-16   100000 
 83   0.622    6.152   3.877281e-15  1.116622e-16   99900  
 84   0.731    0.112   4.297497e-15  1.630691e-16   100000 
 85   0.731    0.337   4.987630e-15  1.826772e-16   100000 
 86   0.731    0.561   5.864527e-15  2.154414e-16   100000 
 87   0.731    0.785   6.849032e-15  2.732380e-16   100000 
 88   0.731    1.010   8.048702e-15  3.206716e-16   100000 
 89   0.731    1.234   8.028842e-15  2.191469e-16   100000 
 90   0.731    1.459   8.756486e-15  2.619845e-16   100000 
 91   0.731    1.683   8.658606e-15  3.712686e-16   100000 
 92   0.731    1.907   8.233710e-15  2.722441e-16   100000 
 93   0.731    2.132   7.004491e-15  3.637480e-16   100000 
 94   0.731    2.356   6.340195e-15  2.602046e-16   100000 
 95   0.731    2.581   5.757562e-15  1.383408e-16   100000 
 96   0.731    2.805   5.198555e-15  1.945859e-16   100000 
 97   0.731    3.029   4.574581e-15  1.167961e-16   100000 
 98   0.731    3.254   3.776172e-15  1.275172e-16   100000 
 99   0.731    3.478   3.631145e-15  1.309155e-16   100000 
100   0.731    3.703   3.320758e-15  1.226260e-16   100000 
101   0.731    3.927   3.112879e-15  1.056949e-16   100000 
102   0.731    4.151   3.186880e-15  1.765149e-16   100000 
103   0.731    4.376   2.899762e-15  1.053021e-16   99900  
104   0.731    4.600   2.949713e-15  1.354820e-16   100000 
105   0.731    4.825   2.645551e-15  7.770260e-17   100000 
106   0.731    5.049   2.790934e-15  8.399005e-17   100000 
107   0.731    5.273   2.816998e-15  9.922416e-17   100000 
108   0.731    5.498   2.929042e-15  9.464322e-17   100000 
109   0.731    5.722   3.280116e-15  1.104631e-16   100000 
110   0.731    5.947   3.570566e-15  1.485851e-16   100000 
111   0.731    6.171   3.796186e-15  1.337202e-16   100000 
112   0.841    0.098   4.223430e-15  1.342200e-16   100000 
113   0.841    0.295   4.753910e-15  1.433456e-16   100000 
114   0.841    0.491   5.103151e-15  1.642919e-16   100000 
115   0.841    0.687   6.226903e-15  2.466544e-16   100000 
116   0.841    0.884   7.017186e-15  3.029636e-16   100000 
117   0.841    1.080   8.528010e-15  2.552964e-16   100000 
118   0.841    1.276   8.781792e-15  2.970280e-16   100000 
119   0.841    1.473   8.937487e-15  1.800001e-16   100000 
120   0.841    1.669   9.530158e-15  3.200882e-16   100000 
121   0.841    1.865   8.162026e-15  2.285613e-16   99900  
122   0.841    2.062   8.231536e-15  2.836340e-16   100000 
123   0.841    2.258   7.255445e-15  2.245537e-16   100000 
124   0.841    2.454   6.304889e-15  2.164976e-16   100000 
125   0.841    2.651   5.719981e-15  1.925773e-16   100000 
126   0.841    2.847   4.815646e-15  1.780659e-16   100000 
127   0.841    3.043   4.369992e-15  1.447968e-16   100000 
128   0.841    3.240   3.818768e-15  1.110151e-16   100000 
129   0.841    3.436   3.663120e-15  1.657218e-16   100000 
130   0.841    3.632   3.238765e-15  1.289969e-16   100000 
131   0.841    3.829   2.999328e-15  7.426486e-17   100000 
132   0.841    4.025   2.730646e-15  8.591884e-17   100000 
133   0.841    4.222   2.808249e-15  1.032116e-16   99900  
134   0.841    4.418   2.777757e-15  1.035095e-16   100000 
135   0.841    4.614   2.678325e-15  1.047896e-16   100000 
136   0.841    4.811   2.679932e-15  1.059019e-16   100000 
137   0.841    5.007   2.675735e-15  1.178452e-16   100000 
138   0.841    5.203   2.683164e-15  7.796422e-17   100000 
139   0.841    5.400   2.777326e-15  9.234645e-17   100000 
140   0.841    5.596   2.952903e-15  1.200482e-16   100000 
141   0.841    5.792   3.011892e-15  1.341989e-16   100000 
142   0.841    5.989   3.380422e-15  1.353520e-16   100000 
143   0.841    6.185   3.874401e-15  2.240493e-16   100000 
144   0.948    0.000   3.776764e-15  1.432811e-16   100000 
145   0.948    0.196   4.484450e-15  1.482330e-16   100000 
146   0.948    0.393   4.974310e-15  1.724445e-16   100000 
147   0.948    0.589   5.939594e-15  1.956953e-16   100000 
148   0.948    0.785   7.053144e-15  2.746452e-16   100000 
149   0.948    0.982   8.161858e-15  3.299471e-16   100000 
150   0.948    1.178   8.831845e-15  2.861628e-16   100000 
151   0.948    1.374   9.902444e-15  3.418487e-16   99900  
152   0.948    1.571   1.029362e-14  2.986272e-16   99900  
153   0.948    1.767   1.016097e-14  3.538447e-16   100000 
154   0.948    1.963   8.727047e-15  2.674552e-16   100000 
155   0.948    2.160   8.152247e-15  2.853767e-16   100000 
156   0.948    2.356   7.637223e-15  2.444821e-16   100000 
157   0.948    2.553   6.785090e-15  3.135834e-16   100000 
158   0.948    2.749   5.729129e-15  2.648773e-16   99900  
159   0.948    2.945   4.479125e-15  1.788862e-16   100000 
160   0.948    3.142   4.169893e-15  1.295772e-16   100000 
161   0.948    3.338   3.455764e-15  1.222367e-16   100000 
162   0.948    3.534   3.212276e-15  1.200367e-16   100000 
163   0.948    3.731   3.043906e-15  1.335794e-16   100000 
164   0.948    3.927   2.631852e-15  7.127458e-17   100000 
165   0.948    4.123   2.675096e-15  8.521667e-17   100000 
166   0.948    4.320   2.628174e-15  9.225608e-17   100000 
167   0.948    4.516   2.495205e-15  8.326284e-17   100000 
168   0.948    4.712   2.418439e-15  1.064284e-16   100000 
169   0.948    4.909   2.349476e-15  8.443126e-17   100000 
170   0.948    5.105   2.420968e-15  9.527884e-17   99900  
171   0.948    5.301   2.644658e-15  1.003455e-16   100000 
172   0.948    5.498   2.575756e-15  7.072050e-17   100000 
173   0.948    5.694   2.722598e-15  1.122940e-16   100000 
174   0.948    5.890   2.968388e-15  8.880552e-17   100000 
175   0.948    6.087   3.722277e-15  1.343543e-16   100000 
176   1.047    0.098   4.046282e-15  1.440559e-16   100000 
177   1.047    0.295   4.670974e-15  1.554001e-16   100000 
178   1.047    0.491   5.559984e-15  1.530210e-16   100000 
179   1.047    0.687   6.477857e-15  2.664085e-16   100000 
180   1.047    0.884   7.742168e-15  2.729717e-16   100000 
181   1.047    1.080   8.471165e-15  3.010309e-16   100000 
182   1.047    1.276   9.646318e-15  2.849449e-16   99900  
183   1.047    1.473   1.116595e-14  2.326862e-16   100000 
184   1.047    1.669   1.121311e-14  2.601447e-16   100000 
185   1.047    1.865   9.947313e-15  2.851394e-16   100000 
186   1.047    2.062   8.893399e-15  3.261506e-16   99900  
187   1.047    2.258   8.351910e-15  3.366006e-16   100000 
188   1.047    2.454   7.027656e-15  2.351126e-16   100000 
189   1.047    2.651   5.621808e-15  2.066866e-16   100000 
190   1.047    2.847   5.403606e-15  2.046795e-16   99900  
191   1.047    3.043   4.299491e-15  1.773429e-16   100000 
192   1.047    3.240   3.743882e-15  1.522012e-16   100000 
193   1.047    3.436   3.168099e-15  1.191408e-16   100000 
194   1.047    3.632   3.131085e-15  9.608201e-17   100000 
195   1.047    3.829   2.654510e-15  1.012954e-16   100000 
196   1.047    4.025   2.395469e-15  7.145989e-17   99900  
197   1.047    4.222   2.380427e-15  7.843533e-17   100000 
198   1.047    4.418   2.410623e-15  8.112081e-17   100000 
199   1.047    4.614   2.311192e-15  7.288414e-17   100000 
200   1.047    4.811   2.233676e-15  6.730274e-17   100000 
201   1.047    5.007   2.431993e-15  8.524766e-17   100000 
202   1.047    5.203   2.326514e-15  7.075248e-17   99900  
203   1.047    5.400   2.419163e-15  8.049832e-17   99900  
204   1.047    5.596   2.604825e-15  6.719089e-17   100000 
205   1.047    5.792   3.103413e-15  1.005346e-16   99900  
206   1.047    5.989   3.093557e-15  8.601479e-17   100000 
207   1.047    6.185   3.674949e-15  1.286914e-16   100000 
208   1.141    0.000   3.645904e-15  2.024943e-16   100000 
209   1.141    0.196   4.223614e-15  1.383147e-16   100000 
210   1.141    0.393   4.923219e-15  1.196092e-16   100000 
211   1.141    0.589   6.177905e-15  2.228584e-16   100000 
212   1.141    0.785   7.343742e-15  2.112837e-16   100000 
213   1.141    0.982   8.438217e-15  2.249522e-16   100000 
214   1.141    1.178   9.499829e-15  2.600436e-16   100000 
215   1.141    1.374   1.096527e-14  3.589528e-16   100000 
216   1.141    1.571   1.191853e-14  3.570095e-16   100000 
217   1.141    1.767   1.100863e-14  3.120948e-16   100000 
218   1.141    1.963   9.616243e-15  1.988548e-16   100000 
219   1.141    2.160   9.475802e-15  2.938967e-16   100000 
220   1.141    2.356   7.970451e-15  2.923918e-16   100000 
221   1.141    2.553   7.005638e-15  2.378707e-16   100000 
222   1.141    2.749   5.612026e-15  1.658420e-16   100000 
223   1.141    2.945   4.866389e-15  1.690386e-16   99900  
224   1.141    3.142   4.027414e-15  1.256632e-16   100000 
225   1.141    3.338   3.430611e-15  1.246098e-16   100000 
226   1.141    3.534   3.070218e-15  1.185112e-16   100000 
227   1.141    3.731   2.743648e-15  6.869267e-17   100000 
228   1.141    3.927   2.509989e-15  8.308301e-17   100000 
229   1.141    4.123   2.406924e-15  9.139142e-17   100000 
230   1.141    4.320   2.231232e-15  7.057023e-17   100000 
231   1.141    4.516   2.172657e-15  7.778394e-17   100000 
232   1.141    4.712   2.176777e-15  5.603693e-17   100000 
233   1.141    4.909   2.184867e-15  7.585498e-17   100000 
234   1.141    5.105   2.228566e-15  7.496202e-17   100000 
235   1.141    5.301   2.249716e-15  4.914691e-17   99900  
236   1.141    5.498   2.613379e-15  8.147362e-17   100000 
237   1.141    5.694   2.656288e-15  7.101651e-17   100000 
238   1.141    5.890   2.798245e-15  1.038144e-16   100000 
239   1.141    6.087   3.365197e-15  1.436034e-16   99900  
240   1.231    0.098   3.794730e-15  1.467322e-16   100000 
241   1.231    0.295   4.782192e-15  1.622800e-16   100000 
242   1.231    0.491   5.709084e-15  2.329538e-16   99900  
243   1.231    0.687   6.320918e-15  2.588144e-16   100000 
244   1.231    0.884   7.778465e-15  2.779446e-16   100000 
245   1.231    1.080   9.235612e-15  2.661200e-16   100000 
246   1.231    1.276   1.084349e-14  2.677741e-16   100000 
247   1.231    1.473   1.174771e-14  3.773027e-16   100000 
248   1.231    1.669   1.297756e-14  4.800074e-16   100000 
249   1.231    1.865   1.034914e-14  2.250784e-16   100000 
250   1.231    2.062   1.035862e-14  3.313811e-16   100000 
251   1.231    2.258   8.953766e-15  2.781194e-16   100000 
252   1.231    2.454   8.334312e-15  2.860865e-16   100000 
253   1.231    2.651   6.201979e-15  2.238846e-16   99900  
254   1.231    2.847   5.278590e-15  1.189839e-16   99900  
255   1.231    3.043   4.178134e-15  1.243942e-16   100000 
256   1.231    3.240   3.625431e-15  1.165955e-16   100000 
257   1.231    3.436   3.137205e-15  1.048046e-16   100000 
258   1.231    3.632   2.792550e-15  9.352890e-17   99900  
259   1.231    3.829   2.540184e-15  7.330394e-17   100000 
260   1.231    4.025   2.492651e-15  1.066928e-16   99900  
261   1.231    4.222   2.270794e-15  9.402315e-17   100000 
262   1.231    4.418   2.155608e-15  7.565381e-17   100000 
263   1.231    4.614   2.104265e-15  6.711795e-17   100000 
264   1.231    4.811   2.179895e-15  7.654643e-17   100000 
265   1.231    5.007   2.278119e-15  8.441704e-17   100000 
266   1.231    5.203   2.150771e-15  6.249285e-17   100000 
267   1.231    5.400   2.459542e-15  9.403564e-17   100000 
268   1.231    5.596   2.620907e-15  7.786599e-17   100000 
269   1.231    5.792   2.625742e-15  1.222739e-16   100000 
270   1.231    5.989   2.979892e-15  9.758743e-17   100000 
271   1.231    6.185   3.340281e-15  9.141012e-17   100000 
272   1.318    0.000   3.571322e-15  9.605516e-17   99900  
273   1.318    0.196   4.480525e-15  1.917189e-16   100000 
274   1.318    0.393   5.632546e-15  2.424263e-16   100000 
275   1.318    0.589   6.132508e-15  2.041580e-16   100000 
276   1.318    0.785   7.774150e-15  2.549194e-16   100000 
277   1.318    0.982   9.059417e-15  2.541641e-16   100000 
278   1.318    1.178   1.034160e-14  3.360900e-16   100000 
279   1.318    1.374   1.134501e-14  2.418249e-16   100000 
280   1.318    1.571   1.325530e-14  4.210186e-16   100000 
281   1.318    1.767   1.227926e-14  3.255594e-16   100000 
282   1.318    1.963   1.038417e-14  2.088828e-16   100000 
283   1.318    2.160   1.023143e-14  3.316810e-16   100000 
284   1.318    2.356   8.896850e-15  2.661795e-16   99900  
285   1.318    2.553   7.469426e-15  2.372334e-16   100000 
286   1.318    2.749   6.013461e-15  1.854679e-16   100000 
287   1.318    2.945   4.580196e-15  1.835032e-16   100000 
288   1.318    3.142   4.039204e-15  1.053753e-16   100000 
289   1.318    3.338   3.773802e-15  1.828072e-16   100000 
290   1.318    3.534   3.017567e-15  1.255948e-16   100000 
291   1.318    3.731   2.959133e-15  1.090473e-16   100000 
292   1.318    3.927   2.613101e-15  9.510399e-17   100000 
293   1.318    4.123   2.289743e-15  8.440576e-17   100000 
294   1.318    4.320   2.034113e-15  5.704567e-17   100000 
295   1.318    4.516   2.030617e-15  6.137715e-17   100000 
296   1.318    4.712   2.202808e-15  7.886500e-17   100000 
297   1.318    4.909   2.127404e-15  5.876092e-17   100000 
298   1.318    5.105   2.334358e-15  8.185265e-17   99900  
299   1.318    5.301   2.496922e-15  8.648548e-17   100000 
300   1.318    5.498   2.186267e-15  5.777937e-17   99900  
301   1.318    5.694   2.584108e-15  1.042981e-16   100000 
302   1.318    5.890   2.772178e-15  1.141078e-16   99900  
303   1.318    6.087   3.164917e-15  1.128946e-16   100000 
304   1.403    0.098   4.036237e-15  1.465493e-16   100000 
305   1.403    0.295   4.584363e-15  1.447101e-16   100000 
306   1.403    0.491   6.111248e-15  1.952562e-16   100000 
307   1.403    0.687   7.439679e-15  3.962697e-16   100000 
308   1.403    0.884   8.175819e-15  3.270231e-16   100000 
309   1.403    1.080   9.760677e-15  3.058313e-16   99900  
310   1.403    1.276   1.167534e-14  4.004440e-16   100000 
311   1.403    1.473   1.195289e-14  4.032968e-16   100000 
312   1.403    1.669   1.239567e-14  2.795894e-16   100000 
313   1.403    1.865   1.110515e-14  2.106169e-16   99900  
314   1.403    2.062   1.055146e-14  3.518436e-16   100000 
315   1.403    2.258   9.822788e-15  3.819084e-16   100000 
316   1.403    2.454   8.506322e-15  3.476025e-16   100000 
317   1.403    2.651   6.737079e-15  2.256906e-16   100000 
318   1.403    2.847   5.090940e-15  1.790282e-16   100000 
319   1.403    3.043   4.252364e-15  1.335815e-16   100000 
320   1.403    3.240   3.656746e-15  1.128578e-16   100000 
321   1.403    3.436   2.888373e-15  1.025704e-16   100000 
322   1.403    3.632   2.856789e-15  9.327308e-17   100000 
323   1.403    3.829   2.487021e-15  1.072380e-16   100000 
324   1.403    4.025   2.375231e-15  7.871225e-17   100000 
325   1.403    4.222   2.185878e-15  8.174675e-17   100000 
326   1.403    4.418   2.169991e-15  9.557079e-17   99900  
327   1.403    4.614   1.986124e-15  6.460382e-17   100000 
328   1.403    4.811   2.110620e-15  1.081262e-16   100000 
329   1.403    5.007   2.288604e-15  7.361560e-17   100000 
330   1.403    5.203   2.547115e-15  8.693396e-17   100000 
331   1.403    5.400   2.433273e-15  1.054492e-16   100000 
332   1.403    5.596   2.390975e-15  7.998668e-17   100000 
333   1.403    5.792   2.584543e-15  9.033452e-17   100000 
334   1.403    5.989   3.023467e-15  9.705409e-17   100000 
335   1.403    6.185   3.590082e-15  1.694120e-16   99900  
336   1.487    0.000   3.779276e-15  1.228610e-16   100000 
337   1.487    0.196   4.132045e-15  1.122542e-16   100000 
338   1.487    0.393   5.136802e-15  1.830445e-16   100000 
339   1.487    0.589   6.630670e-15  2.751909e-16   99900  
340   1.487    0.785   8.017292e-15  4.028647e-16   100000 
341   1.487    0.982   9.289401e-15  3.907069e-16   100000 
342   1.487    1.178   1.182174e-14  2.679356e-16   100000 
343   1.487    1.374   1.253895e-14  3.444677e-16   100000 
344   1.487    1.571   1.335078e-14  3.956975e-16   100000 
345   1.487    1.767   1.188249e-14  3.107505e-16   100000 
346   1.487    1.963   1.141577e-14  3.070519e-16   100000 
347   1.487    2.160   9.997624e-15  2.925417e-16   100000 
348   1.487    2.356   8.903823e-15  2.798063e-16   100000 
349   1.487    2.553   7.691611e-15  2.675876e-16   100000 
350   1.487    2.749   5.541241e-15  1.584114e-16   100000 
351   1.487    2.945   4.482337e-15  2.569587e-16   100000 
352   1.487    3.142   3.868437e-15  1.576278e-16   100000 
353   1.487    3.338   3.320560e-15  1.217926e-16   100000 
354   1.487    3.534   2.974407e-15  9.087702e-17   100000 
355   1.487    3.731   2.667011e-15  9.111952e-17   100000 
356   1.487    3.927   2.720936e-15  1.183711e-16   100000 
357   1.487    4.123   2.409924e-15  1.296714e-16   100000 
358   1.487    4.320   2.198115e-15  7.850255e-17   100000 
359   1.487    4.516   2.055189e-15  7.201831e-17   100000 
360   1.487    4.712   2.066423e-15  5.476444e-17   100000 
361   1.487    4.909   2.071210e-15  1.004799e-16   100000 
362   1.487    5.105   2.467304e-15  7.974951e-17   100000 
363   1.487    5.301   2.567058e-15  6.786382e-17   100000 
364   1.487    5.498   2.300146e-15  9.969225e-17   100000 
365   1.487    5.694   2.392110e-15  6.464077e-17   100000 
366   1.487    5.890   2.594984e-15  7.203215e-17   100000 
367   1.487    6.087   3.146819e-15  9.385577e-17   100000 
368   1.571    0.098   3.732864e-15  1.199803e-16   100000 
369   1.571    0.295   4.794863e-15  2.094228e-16   100000 
370   1.571    0.491   5.937265e-15  2.732820e-16   100000 
371   1.571    0.687   6.809970e-15  2.250141e-16   100000 
372   1.571    0.884   8.969079e-15  2.490292e-16   100000 
373   1.571    1.080   1.058279e-14  3.462002e-16   100000 
374   1.571    1.276   1.199889e-14  4.219881e-16   100000 
375   1.571    1.473   1.213816e-14  3.600927e-16   100000 
376   1.571    1.669   1.202107e-14  3.107110e-16   100000 
377   1.571    1.865   1.181605e-14  4.370058e-16   100000 
378   1.571    2.062   1.068883e-14  2.587479e-16   100000 
379   1.571    2.258   9.771638e-15  2.935385e-16   100000 
380   1.571    2.454   8.029441e-15  2.661447e-16   100000 
381   1.571    2.651   6.390926e-15  2.761566e-16   99900  
382   1.571    2.847   5.257316e-15  2.211893e-16   100000 
383   1.571    3.043   4.332571e-15  1.731239e-16   100000 
384   1.571    3.240   3.841864e-15  1.711502e-16   100000 
385   1.571    3.436   3.266654e-15  1.450473e-16   100000 
386   1.571    3.632   2.834532e-15  9.181249e-17   100000 
387   1.571    3.829   2.704310e-15  1.056954e-16   100000 
388   1.571    4.025   2.508357e-15  7.957761e-17   100000 
389   1.571    4.222   2.136914e-15  7.847168e-17   100000 
390   1.571    4.418   2.213343e-15  7.774233e-17   100000 
391   1.571    4.614   2.167917e-15  6.467396e-17   100000 
392   1.571    4.811   2.239364e-15  1.007981e-16   100000 
393   1.571    5.007   2.071261e-15  8.159923e-17   100000 
394   1.571    5.203   2.448541e-15  7.195747e-17   100000 
395   1.571    5.400   2.475861e-15  8.242437e-17   99900  
396   1.571    5.596   2.247162e-15  8.327849e-17   100000 
397   1.571    5.792   2.526607e-15  7.349316e-17   100000 
398   1.571    5.989   2.729993e-15  1.025365e-16   100000 
399   1.571    6.185   3.109009e-15  1.022956e-16   100000 
400   1.654    0.000   3.433710e-15  8.980011e-17   100000 
401   1.654    0.196   4.005568e-15  1.538007e-16   100000 
402   1.654    0.393   5.169544e-15  2.632156e-16   100000 
403   1.654    0.589   6.697172e-15  2.072823e-16   100000 
404   1.654    0.785   7.923085e-15  2.416753e-16   100000 
405   1.654    0.982   8.969605e-15  2.672073e-16   100000 
406   1.654    1.178   1.043770e-14  3.480440e-16   100000 
407   1.654    1.374   1.137956e-14  4.446762e-16   100000 
408   1.654    1.571   1.222059e-14  3.134501e-16   100000 
409   1.654    1.767   1.188725e-14  3.506563e-16   100000 
410   1.654    1.963   1.178004e-14  3.869449e-16   100000 
411   1.654    2.160   1.050772e-14  3.507095e-16   99900  
412   1.654    2.356   8.796386e-15  2.722294e-16   100000 
413   1.654    2.553   6.838306e-15  1.981950e-16   100000 
414   1.654    2.749   5.698074e-15  2.831693e-16   100000 
415   1.654    2.945   4.678331e-15  1.875953e-16   99900  
416   1.654    3.142   4.020121e-15  1.667043e-16   99900  
417   1.654    3.338   3.367746e-15  9.358318e-17   100000 
418   1.654    3.534   2.882214e-15  8.834656e-17   100000 
419   1.654    3.731   2.713589e-15  1.018079e-16   100000 
420   1.654    3.927   2.622814e-15  1.178311e-16   100000 
421   1.654    4.123   2.467606e-15  8.878010e-17   100000 
422   1.654    4.320   2.218586e-15  8.926878e-17   100000 
423   1.654    4.516   2.175841e-15  9.057938e-17   100000 
424   1.654    4.712   2.372146e-15  7.147089e-17   100000 
425   1.654    4.909   2.182544e-15  9.438747e-17   100000 
426   1.654    5.105   2.217192e-15  7.143532e-17   100000 
427   1.654    5.301   2.468140e-15  6.189253e-17   100000 
428   1.654    5.498   2.359363e-15  7.780676e-17   100000 
429   1.654    5.694   2.338342e-15  8.950024e-17   100000 
430   1.654    5.890   2.584672e-15  7.064342e-17   99900  
431   1.654    6.087   2.874697e-15  8.068363e-17   100000 
432   1.738    0.098   3.446165e-15  1.013383e-16   100000 
433   1.738    0.295   4.430634e-15  1.557721e-16   100000 
434   1.738    0.491   5.344507e-15  1.421013e-16   100000 
435   1.738    0.687   6.726154e-15  2.374924e-16   100000 
436   1.738    0.884   8.271634e-15  3.405306e-16   99900  
437   1.738    1.080   9.524234e-15  2.540600e-16   100000 
438   1.738    1.276   1.043973e-14  3.438519e-16   99900  
439   1.738    1.473   1.129832e-14  3.269803e-16   100000 
440   1.738    1.669   1.189201e-14  3.984766e-16   100000 
441   1.738    1.865   1.120975e-14  2.886243e-16   100000 
442   1.738    2.062   1.080719e-14  3.302455e-16   100000 
443   1.738    2.258   8.341481e-15  1.939109e-16   100000 
444   1.738    2.454   7.388641e-15  2.900845e-16   99900  
445   1.738    2.651   5.881584e-15  1.909467e-16   100000 
446   1.738    2.847   4.914238e-15  2.082411e-16   100000 
447   1.738    3.043   4.422445e-15  1.823374e-16   100000 
448   1.738    3.240   3.637411e-15  1.275845e-16   100000 
449   1.738    3.436   3.117503e-15  8.056135e-17   99900  
450   1.738    3.632   2.715169e-15  8.813272e-17   100000 
451   1.738    3.829   2.682274e-15  1.097543e-16   100000 
452   1.738    4.025   2.695042e-15  1.165659e-16   100000 
453   1.738    4.222   2.281534e-15  8.579430e-17   99900  
454   1.738    4.418   2.203098e-15  9.057144e-17   100000 
455   1.738    4.614   2.216378e-15  6.976280e-17   100000 
456   1.738    4.811   2.263809e-15  8.499881e-17   100000 
457   1.738    5.007   2.214490e-15  8.098712e-17   100000 
458   1.738    5.203   2.217594e-15  6.040095e-17   99900  
459   1.738    5.400   2.333211e-15  8.265474e-17   100000 
460   1.738    5.596   2.269142e-15  8.176634e-17   100000 
461   1.738    5.792   2.479798e-15  7.959624e-17   99900  
462   1.738    5.989   2.731054e-15  1.279331e-16   100000 
463   1.738    6.185   3.120367e-15  9.926625e-17   100000 
464   1.823    0.000   3.162321e-15  8.365517e-17   100000 
465   1.823    0.196   3.812306e-15  9.426447e-17   99900  
466   1.823    0.393   4.644698e-15  1.332741e-16   100000 
467   1.823    0.589   5.888603e-15  1.431017e-16   100000 
468   1.823    0.785   7.372243e-15  3.258958e-16   100000 
469   1.823    0.982   8.726925e-15  3.829167e-16   100000 
470   1.823    1.178   9.907120e-15  2.500421e-16   100000 
471   1.823    1.374   1.001703e-14  2.722851e-16   100000 
472   1.823    1.571   1.051638e-14  3.265625e-16   100000 
473   1.823    1.767   1.107448e-14  3.345612e-16   100000 
474   1.823    1.963   1.059470e-14  3.591279e-16   100000 
475   1.823    2.160   9.135830e-15  3.205160e-16   100000 
476   1.823    2.356   7.680086e-15  1.899693e-16   100000 
477   1.823    2.553   6.372813e-15  2.480583e-16   99900  
478   1.823    2.749   5.346486e-15  1.848991e-16   100000 
479   1.823    2.945   4.557128e-15  1.741604e-16   100000 
480   1.823    3.142   4.319133e-15  1.616858e-16   100000 
481   1.823    3.338   3.493916e-15  1.299828e-16   100000 
482   1.823    3.534   2.968146e-15  9.370157e-17   100000 
483   1.823    3.731   2.636623e-15  1.007567e-16   100000 
484   1.823    3.927   2.582998e-15  1.145067e-16   100000 
485   1.823    4.123   2.397405e-15  1.054682e-16   100000 
486   1.823    4.320   2.036846e-15  7.677358e-17   100000 
487   1.823    4.516   2.070378e-15  7.327803e-17   100000 
488   1.823    4.712   2.465873e-15  8.210402e-17   100000 
489   1.823    4.909   2.258731e-15  1.041659e-16   100000 
490   1.823    5.105   2.099435e-15  9.683419e-17   100000 
491   1.823    5.301   2.150727e-15  9.292484e-17   99900  
492   1.823    5.498   2.140321e-15  6.669947e-17   100000 
493   1.823    5.694   2.164318e-15  5.642975e-17   100000 
494   1.823    5.890   2.520083e-15  8.881350e-17   100000 
495   1.823    6.087   2.701444e-15  7.767697e-17   100000 
496   1.911    0.098   3.544865e-15  1.108962e-16   100000 
497   1.911    0.295   4.231686e-15  8.907734e-17   99900  
498   1.911    0.491   5.040334e-15  1.929922e-16   100000 
499   1.911    0.687   6.399582e-15  2.227347e-16   100000 
500   1.911    0.884   8.055874e-15  2.770092e-16   100000 
501   1.911    1.080   8.643979e-15  2.489417e-16   100000 
502   1.911    1.276   9.914075e-15  2.508639e-16   100000 
503   1.911    1.473   1.085075e-14  2.572668e-16   100000 
504   1.911    1.669   1.058209e-14  3.347795e-16   100000 
505   1.911    1.865   1.020917e-14  2.396616e-16   100000 
506   1.911    2.062   9.241171e-15  2.406705e-16   100000 
507   1.911    2.258   8.026212e-15  2.635325e-16   100000 
508   1.911    2.454   6.775055e-15  2.067194e-16   100000 
509   1.911    2.651   5.152521e-15  1.436386e-16   99900  
510   1.911    2.847   5.469030e-15  1.880887e-16   100000 
511   1.911    3.043   4.036466e-15  1.149081e-16   99900  
512   1.911    3.240   3.489131e-15  1.040374e-16   100000 
513   1.911    3.436   3.229393e-15  1.167331e-16   99900  
514   1.911    3.632   2.956626e-15  9.460424e-17   100000 
515   1.911    3.829   2.663329e-15  1.076559e-16   100000 
516   1.911    4.025   2.620596e-15  8.622784e-17   100000 
517   1.911    4.222   2.407395e-15  1.084805e-16   99900  
518   1.911    4.418   2.276752e-15  1.045493e-16   100000 
519   1.911    4.614   2.312608e-15  1.172798e-16   100000 
520   1.911    4.811   2.425925e-15  8.676857e-17   100000 
521   1.911    5.007   2.075397e-15  7.508703e-17   100000 
522   1.911    5.203   2.124367e-15  7.385589e-17   100000 
523   1.911    5.400   2.149584e-15  7.762180e-17   100000 
524   1.911    5.596   2.145486e-15  7.438181e-17   100000 
525   1.911    5.792   2.433878e-15  7.332050e-17   100000 
526   1.911    5.989   2.626410e-15  8.912323e-17   100000 
527   1.911    6.185   2.996170e-15  9.922390e-17   99900  
528   2.001    0.000   3.018336e-15  9.859633e-17   100000 
529   2.001    0.196   3.761252e-15  1.070854e-16   100000 
530   2.001    0.393   4.537241e-15  1.623975e-16   100000 
531   2.001    0.589   5.528739e-15  1.782501e-16   99900  
532   2.001    0.785   7.386714e-15  1.792569e-16   100000 
533   2.001    0.982   7.917282e-15  2.783878e-16   100000 
534   2.001    1.178   9.176713e-15  2.523331e-16   100000 
535   2.001    1.374   9.750274e-15  3.216621e-16   99900  
536   2.001    1.571   9.202904e-15  3.125311e-16   100000 
537   2.001    1.767   9.346068e-15  2.354486e-16   99900  
538   2.001    1.963   9.079441e-15  2.439462e-16   100000 
539   2.001    2.160   8.295631e-15  3.023247e-16   99900  
540   2.001    2.356   7.206076e-15  2.442220e-16   100000 
541   2.001    2.553   6.218316e-15  2.298869e-16   99900  
542   2.001    2.749   5.047437e-15  2.244023e-16   99900  
543   2.001    2.945   4.554617e-15  1.804631e-16   100000 
544   2.001    3.142   3.890249e-15  1.460916e-16   100000 
545   2.001    3.338   3.358145e-15  1.180204e-16   100000 
546   2.001    3.534   2.952626e-15  9.557226e-17   100000 
547   2.001    3.731   2.814050e-15  1.016616e-16   100000 
548   2.001    3.927   2.685904e-15  1.219265e-16   100000 
549   2.001    4.123   2.631057e-15  1.251439e-16   100000 
550   2.001    4.320   2.354865e-15  1.256342e-16   100000 
551   2.001    4.516   2.351552e-15  9.864027e-17   100000 
552   2.001    4.712   2.375133e-15  8.524940e-17   100000 
553   2.001    4.909   2.444046e-15  8.300801e-17   100000 
554   2.001    5.105   2.154780e-15  8.112060e-17   100000 
555   2.001    5.301   2.134939e-15  5.425770e-17   100000 
556   2.001    5.498   2.212498e-15  7.250436e-17   100000 
557   2.001    5.694   2.263907e-15  7.470396e-17   100000 
558   2.001    5.890   2.514461e-15  9.612188e-17   100000 
559   2.001    6.087   2.760102e-15  9.349274e-17   100000 
560   2.094    0.098   3.455719e-15  1.001329e-16   100000 
561   2.094    0.295   3.836832e-15  1.151255e-16   99900  
562   2.094    0.491   4.784357e-15  1.338088e-16   99900  
563   2.094    0.687   6.040909e-15  2.098129e-16   100000 
564   2.094    0.884   7.426088e-15  2.069753e-16   100000 
565   2.094    1.080   8.149510e-15  3.017642e-16   100000 
566   2.094    1.276   8.566943e-15  2.985793e-16   100000 
567   2.094    1.473   8.621615e-15  2.028070e-16   100000 
568   2.094    1.669   9.298892e-15  2.721475e-16   100000 
569   2.094    1.865   8.309988e-15  2.475902e-16   100000 
570   2.094    2.062   7.539368e-15  2.657685e-16   100000 
571   2.094    2.258   6.857024e-15  2.133907e-16   100000 
572   2.094    2.454   6.112462e-15  1.575903e-16   100000 
573   2.094    2.651   5.089949e-15  1.664584e-16   100000 
574   2.094    2.847   4.641495e-15  1.348612e-16   100000 
575   2.094    3.043   4.308118e-15  1.659876e-16   100000 
576   2.094    3.240   3.680643e-15  1.350119e-16   100000 
577   2.094    3.436   3.024201e-15  1.020192e-16   100000 
578   2.094    3.632   2.689246e-15  6.661912e-17   100000 
579   2.094    3.829   2.600674e-15  1.012624e-16   100000 
580   2.094    4.025   2.550978e-15  1.410362e-16   100000 
581   2.094    4.222   2.675341e-15  1.046277e-16   100000 
582   2.094    4.418   2.279735e-15  7.826255e-17   100000 
583   2.094    4.614   2.239945e-15  7.297757e-17   100000 
584   2.094    4.811   2.318710e-15  6.782441e-17   100000 
585   2.094    5.007   2.105573e-15  1.099066e-16   99900  
586   2.094    5.203   2.179784e-15  8.996006e-17   100000 
587   2.094    5.400   2.082623e-15  6.912641e-17   100000 
588   2.094    5.596   2.281009e-15  8.756932e-17   100000 
589   2.094    5.792   2.374118e-15  9.193244e-17   100000 
590   2.094    5.989   2.623475e-15  6.937548e-17   100000 
591   2.094    6.185   3.093110e-15  1.038068e-16   99900  
592   2.194    0.000   3.406123e-15  9.587390e-17   100000 
593   2.194    0.196   3.698559e-15  1.342358e-16   100000 
594   2.194    0.393   4.436761e-15  1.808306e-16   100000 
595   2.194    0.589   5.375216e-15  1.964001e-16   100000 
596   2.194    0.785   5.915905e-15  2.075629e-16   100000 
597   2.194    0.982   7.427545e-15  3.445513e-16   100000 
598   2.194    1.178   7.991248e-15  3.277057e-16   100000 
599   2.194    1.374   8.480945e-15  3.750012e-16   100000 
600   2.194    1.571   8.388484e-15  2.449285e-16   100000 
601   2.194    1.767   8.231339e-15  2.788975e-16   100000 
602   2.194    1.963   7.526606e-15  3.120427e-16   100000 
603   2.194    2.160   6.870653e-15  2.225518e-16   100000 
604   2.194    2.356   6.443623e-15  2.027125e-16   100000 
605   2.194    2.553   5.640723e-15  3.030989e-16   99900  
606   2.194    2.749   4.816605e-15  1.270050e-16   100000 
607   2.194    2.945   4.183660e-15  1.340657e-16   99900  
608   2.194    3.142   3.746107e-15  1.449124e-16   100000 
609   2.194    3.338   3.215135e-15  1.248309e-16   100000 
610   2.194    3.534   2.940020e-15  1.155227e-16   100000 
611   2.194    3.731   2.541000e-15  8.879419e-17   100000 
612   2.194    3.927   2.614502e-15  1.222905e-16   100000 
613   2.194    4.123   2.699521e-15  8.998486e-17   100016 
614   2.194    4.320   2.259965e-15  6.525961e-17   100000 
615   2.194    4.516   2.325821e-15  7.955317e-17   100000 
616   2.194    4.712   2.191601e-15  7.625087e-17   99900  
617   2.194    4.909   2.148587e-15  6.729573e-17   100000 
618   2.194    5.105   2.192213e-15  8.572335e-17   100000 
619   2.194    5.301   2.170379e-15  6.140601e-17   99900  
620   2.194    5.498   2.188729e-15  5.524486e-17   100000 
621   2.194    5.694   2.349260e-15  7.775345e-17   100000 
622   2.194    5.890   2.433355e-15  5.637471e-17   100000 
623   2.194    6.087   2.800686e-15  1.086800e-16   100000 
624   2.301    0.098   3.405407e-15  1.067879e-16   100000 
625   2.301    0.295   3.899008e-15  1.197801e-16   100000 
626   2.301    0.491   4.561674e-15  2.214045e-16   100000 
627   2.301    0.687   5.451553e-15  2.186664e-16   100000 
628   2.301    0.884   6.529323e-15  3.236372e-16   100000 
629   2.301    1.080   6.944530e-15  2.937651e-16   100000 
630   2.301    1.276   6.999797e-15  2.749639e-16   100000 
631   2.301    1.473   7.230738e-15  2.134218e-16   100000 
632   2.301    1.669   7.156611e-15  2.194103e-16   100000 
633   2.301    1.865   6.861000e-15  2.014821e-16   100000 
634   2.301    2.062   6.863285e-15  2.631130e-16   100000 
635   2.301    2.258   6.270555e-15  2.615653e-16   100000 
636   2.301    2.454   5.255471e-15  1.732150e-16   100000 
637   2.301    2.651   4.670936e-15  1.512814e-16   100000 
638   2.301    2.847   4.595213e-15  2.237675e-16   100000 
639   2.301    3.043   4.022620e-15  1.547705e-16   99900  
640   2.301    3.240   3.510889e-15  1.060003e-16   100000 
641   2.301    3.436   3.305264e-15  1.431039e-16   100000 
642   2.301    3.632   2.844685e-15  1.037015e-16   100000 
643   2.301    3.829   2.809893e-15  1.166242e-16   100000 
644   2.301    4.025   2.862451e-15  1.220323e-16   100000 
645   2.301    4.222   2.591782e-15  1.145224e-16   100000 
646   2.301    4.418   2.197167e-15  8.804465e-17   100000 
647   2.301    4.614   2.148308e-15  9.784000e-17   100000 
648   2.301    4.811   2.304994e-15  7.450512e-17   100000 
649   2.301    5.007   2.179960e-15  9.446517e-17   100000 
650   2.301    5.203   2.191341e-15  6.431850e-17   100000 
651   2.301    5.400   2.156589e-15  7.112158e-17   100000 
652   2.301    5.596   2.243896e-15  8.153634e-17   100000 
653   2.301    5.792   2.516737e-15  9.309168e-17   100000 
654   2.301    5.989   2.652402e-15  6.143264e-17   100000 
655   2.301    6.185   2.987209e-15  8.787307e-17   99900  
656   2.411    0.112   3.772187e-15  1.468342e-16   100000 
657   2.411    0.337   4.097461e-15  1.346518e-16   100000 
658   2.411    0.561   4.782171e-15  1.620594e-16   100000 
659   2.411    0.785   5.362656e-15  1.814594e-16   100000 
660   2.411    1.010   5.787330e-15  2.011643e-16   100000 
661   2.411    1.234   6.784922e-15  2.797097e-16   100000 
662   2.411    1.459   6.595893e-15  2.531965e-16   100000 
663   2.411    1.683   6.545151e-15  1.738166e-16   100000 
664   2.411    1.907   6.475082e-15  2.366284e-16   100000 
665   2.411    2.132   6.232586e-15  2.311581e-16   100000 
666   2.411    2.356   5.783305e-15  1.848863e-16   100000 
667   2.411    2.581   4.540743e-15  1.398082e-16   100000 
668   2.411    2.805   4.501624e-15  1.203291e-16   99900  
669   2.411    3.029   3.885303e-15  1.503511e-16   100000 
670   2.411    3.254   3.322866e-15  1.174557e-16   100000 
671   2.411    3.478   3.282880e-15  1.398684e-16   100000 
672   2.411    3.703   2.869192e-15  8.572877e-17   100000 
673   2.411    3.927   2.925406e-15  1.315894e-16   100000 
674   2.411    4.151   2.671127e-15  1.002964e-16   100000 
675   2.411    4.376   2.146828e-15  6.840450e-17   100000 
676   2.411    4.600   2.178077e-15  7.933397e-17   100000 
677   2.411    4.825   2.285626e-15  6.840612e-17   100000 
678   2.411    5.049   2.352886e-15  1.022462e-16   100000 
679   2.411    5.273   2.317190e-15  5.813666e-17   100000 
680   2.411    5.498   2.355062e-15  9.190122e-17   100000 
681   2.411    5.722   2.522016e-15  7.157055e-17   100000 
682   2.411    5.947   2.762496e-15  9.645838e-17   100000 
683   2.411    6.171   2.967207e-15  1.175542e-16   100000 
684   2.519    0.131   3.400290e-15  9.373963e-17   100000 
685   2.519    0.393   4.282031e-15  1.783510e-16   100000 
686   2.519    0.654   4.808910e-15  1.870035e-16   100000 
687   2.519    0.916   5.491300e-15  1.479092e-16   100000 
688   2.519    1.178   5.431020e-15  1.527465e-16   99900  
689   2.519    1.440   5.706011e-15  2.003001e-16   100000 
690   2.519    1.702   5.743536e-15  1.422682e-16   100000 
691   2.519    1.963   5.705397e-15  1.864555e-16   100000 
692   2.519    2.225   5.494092e-15  1.728431e-16   99900  
693   2.519    2.487   4.725275e-15  1.818152e-16   99900  
694   2.519    2.749   4.208345e-15  1.652543e-16   100000 
695   2.519    3.011   3.830193e-15  1.397303e-16   100000 
696   2.519    3.272   3.415162e-15  1.253688e-16   100000 
697   2.519    3.534   3.199955e-15  1.389564e-16   100000 
698   2.519    3.796   2.813535e-15  1.094058e-16   100000 
699   2.519    4.058   2.690322e-15  1.200079e-16   100000 
700   2.519    4.320   2.731406e-15  1.280049e-16   100000 
701   2.519    4.581   2.302086e-15  7.887091e-17   100000 
702   2.519    4.843   2.163024e-15  6.840451e-17   100000 
703   2.519    5.105   2.237927e-15  5.902390e-17   99900  
704   2.519    5.367   2.426014e-15  8.313981e-17   100000 
705   2.519    5.629   2.768885e-15  1.376778e-16   100000 
706   2.519    5.890   2.747058e-15  9.433101e-17   100000 
707   2.519    6.152   3.095568e-15  1.156393e-16   100000 
708   2.626    0.157   3.554914e-15  1.143807e-16   100000 
709   2.626    0.471   4.063779e-15  1.780864e-16   99900  
710   2.626    0.785   4.543936e-15  2.033895e-16   100000 
711   2.626    1.100   5.078875e-15  2.080532e-16   100000 
712   2.626    1.414   5.049723e-15  1.459808e-16   100000 
713   2.626    1.728   5.097632e-15  1.955250e-16   100000 
714   2.626    2.042   4.910702e-15  1.948867e-16   99900  
715   2.626    2.356   4.794187e-15  1.713649e-16   100000 
716   2.626    2.670   4.376199e-15  1.663557e-16   100000 
717   2.626    2.985   3.748190e-15  1.994063e-16   100000 
718   2.626    3.299   3.267539e-15  1.412466e-16   100000 
719   2.626    3.613   3.025568e-15  1.056574e-16   100000 
720   2.626    3.927   2.777662e-15  1.290159e-16   99900  
721   2.626    4.241   2.640198e-15  1.033912e-16   100000 
722   2.626    4.555   2.478037e-15  8.354427e-17   100000 
723   2.626    4.869   2.208823e-15  7.595322e-17   100000 
724   2.626    5.184   2.377752e-15  6.419926e-17   100000 
725   2.626    5.498   2.635521e-15  9.195843e-17   100000 
726   2.626    5.812   2.923032e-15  9.549864e-17   100000 
727   2.626    6.126   3.270092e-15  1.058101e-16   100000 
728   2.730    0.196   3.774240e-15  1.472228e-16   100000 
729   2.730    0.589   4.046990e-15  1.674483e-16   100000 
730   2.730    0.982   4.633731e-15  1.994288e-16   99900  
731   2.730    1.374   4.681303e-15  1.807419e-16   100000 
732   2.730    1.767   4.628520e-15  1.527472e-16   100000 
733   2.730    2.160   4.687539e-15  1.437981e-16   100000 
734   2.730    2.553   3.777135e-15  1.002692e-16   100000 
735   2.730    2.945   3.990766e-15  1.286851e-16   100000 
736   2.730    3.338   3.360315e-15  2.069350e-16   100000 
737   2.730    3.731   2.815000e-15  8.352692e-17   100000 
738   2.730    4.123   2.679348e-15  1.131027e-16   100000 
739   2.730    4.516   2.433132e-15  9.951462e-17   100000 
740   2.730    4.909   2.448139e-15  7.763961e-17   100000 
741   2.730    5.301   2.654784e-15  9.365845e-17   100000 
742   2.730    5.694   2.877122e-15  1.554967e-16   100000 
743   2.730    6.087   3.176984e-15  1.392298e-16   100000 
744   2.834    0.262   3.667652e-15  1.255874e-16   100000 
745   2.834    0.785   4.105269e-15  1.369044e-16   100000 
746   2.834    1.309   4.232542e-15  1.283681e-16   100000 
747   2.834    1.833   4.075781e-15  1.610075e-16   100000 
748   2.834    2.356   4.107610e-15  1.379388e-16   100000 
749   2.834    2.880   3.539944e-15  1.664058e-16   99900  
750   2.834    3.403   2.983891e-15  1.393418e-16   100000 
751   2.834    3.927   3.010541e-15  1.314424e-16   100000 
752   2.834    4.451   2.517645e-15  7.566766e-17   99900  
753   2.834    4.974   2.636616e-15  1.052715e-16   99900  
754   2.834    5.498   2.629528e-15  7.269369e-17   100000 
755   2.834    6.021   3.286813e-15  1.245526e-16   100000 
756   2.937    0.393   3.470560e-15  1.260887e-16   100000 
757   2.937    1.178   3.824519e-15  1.722561e-16   100000 
758   2.937    1.963   3.450501e-15  1.019803e-16   100000 
759   2.937    2.749   3.536285e-15  1.604148e-16   100000 
760   2.937    3.534   3.147331e-15  1.318889e-16   100000 
761   2.937    4.320   2.716009e-15  9.037727e-17   100000 
762   2.937    5.105   2.872912e-15  7.542396e-17   100000 
763   2.937    5.890   3.072634e-15  9.162509e-17   100000 
764   3.039    0.785   3.383941e-15  9.550004e-17   100000 
765   3.039    2.356   3.657527e-15  1.151369e-16   100000 
766   3.039    3.927   3.152085e-15  1.149026e-16   100000 
767   3.039    5.498   3.173229e-15  8.907072e-17   100000 
